#Dummy threshold values - to be substituted in the future with real ones
#side	layer	pmt	thr	value	error
1	1	A	1	10	1
1	1	A	2	20	2
1	1	A	3	30	3
1	1	A	4	40	4
1	1	B	1	10	1
1	1	B	2	20	2
1	1	B	3	30	3
1	1	B	4	40	4
1	2	A	1	10	1
1	2	A	2	20	2
1	2	A	3	30	3
1	2	A	4	40	4
1	2	B	1	10	1
1	2	B	2	20	2
1	2	B	3	30	3
1	2	B	4	40	4
1	3	A	1	10	1
1	3	A	2	20	2
1	3	A	3	30	3
1	3	A	4	40	4
1	3	B	1	10	1
1	3	B	2	20	2
1	3	B	3	30	3
1	3	B	4	40	4
1	4	A	1	10	1
1	4	A	2	20	2
1	4	A	3	30	3
1	4	A	4	40	4
1	4	B	1	10	1
1	4	B	2	20	2
1	4	B	3	30	3
1	4	B	4	40	4
1	5	A	1	10	1
1	5	A	2	20	2
1	5	A	3	30	3
1	5	A	4	40	4
1	5	B	1	10	1
1	5	B	2	20	2
1	5	B	3	30	3
1	5	B	4	40	4
1	6	A	1	10	1
1	6	A	2	20	2
1	6	A	3	30	3
1	6	A	4	40	4
1	6	B	1	10	1
1	6	B	2	20	2
1	6	B	3	30	3
1	6	B	4	40	4
1	7	A	1	10	1
1	7	A	2	20	2
1	7	A	3	30	3
1	7	A	4	40	4
1	7	B	1	10	1
1	7	B	2	20	2
1	7	B	3	30	3
1	7	B	4	40	4
1	8	A	1	10	1
1	8	A	2	20	2
1	8	A	3	30	3
1	8	A	4	40	4
1	8	B	1	10	1
1	8	B	2	20	2
1	8	B	3	30	3
1	8	B	4	40	4
1	9	A	1	10	1
1	9	A	2	20	2
1	9	A	3	30	3
1	9	A	4	40	4
1	9	B	1	10	1
1	9	B	2	20	2
1	9	B	3	30	3
1	9	B	4	40	4
1	10	A	1	10	1
1	10	A	2	20	2
1	10	A	3	30	3
1	10	A	4	40	4
1	10	B	1	10	1
1	10	B	2	20	2
1	10	B	3	30	3
1	10	B	4	40	4
1	11	A	1	10	1
1	11	A	2	20	2
1	11	A	3	30	3
1	11	A	4	40	4
1	11	B	1	10	1
1	11	B	2	20	2
1	11	B	3	30	3
1	11	B	4	40	4
1	12	A	1	10	1
1	12	A	2	20	2
1	12	A	3	30	3
1	12	A	4	40	4
1	12	B	1	10	1
1	12	B	2	20	2
1	12	B	3	30	3
1	12	B	4	40	4
1	13	A	1	10	1
1	13	A	2	20	2
1	13	A	3	30	3
1	13	A	4	40	4
1	13	B	1	10	1
1	13	B	2	20	2
1	13	B	3	30	3
1	13	B	4	40	4
1	14	A	1	10	1
1	14	A	2	20	2
1	14	A	3	30	3
1	14	A	4	40	4
1	14	B	1	10	1
1	14	B	2	20	2
1	14	B	3	30	3
1	14	B	4	40	4
1	15	A	1	10	1
1	15	A	2	20	2
1	15	A	3	30	3
1	15	A	4	40	4
1	15	B	1	10	1
1	15	B	2	20	2
1	15	B	3	30	3
1	15	B	4	40	4
1	16	A	1	10	1
1	16	A	2	20	2
1	16	A	3	30	3
1	16	A	4	40	4
1	16	B	1	10	1
1	16	B	2	20	2
1	16	B	3	30	3
1	16	B	4	40	4
1	17	A	1	10	1
1	17	A	2	20	2
1	17	A	3	30	3
1	17	A	4	40	4
1	17	B	1	10	1
1	17	B	2	20	2
1	17	B	3	30	3
1	17	B	4	40	4
1	18	A	1	10	1
1	18	A	2	20	2
1	18	A	3	30	3
1	18	A	4	40	4
1	18	B	1	10	1
1	18	B	2	20	2
1	18	B	3	30	3
1	18	B	4	40	4
1	19	A	1	10	1
1	19	A	2	20	2
1	19	A	3	30	3
1	19	A	4	40	4
1	19	B	1	10	1
1	19	B	2	20	2
1	19	B	3	30	3
1	19	B	4	40	4
1	20	A	1	10	1
1	20	A	2	20	2
1	20	A	3	30	3
1	20	A	4	40	4
1	20	B	1	10	1
1	20	B	2	20	2
1	20	B	3	30	3
1	20	B	4	40	4
1	21	A	1	10	1
1	21	A	2	20	2
1	21	A	3	30	3
1	21	A	4	40	4
1	21	B	1	10	1
1	21	B	2	20	2
1	21	B	3	30	3
1	21	B	4	40	4
1	22	A	1	10	1
1	22	A	2	20	2
1	22	A	3	30	3
1	22	A	4	40	4
1	22	B	1	10	1
1	22	B	2	20	2
1	22	B	3	30	3
1	22	B	4	40	4
1	23	A	1	10	1
1	23	A	2	20	2
1	23	A	3	30	3
1	23	A	4	40	4
1	23	B	1	10	1
1	23	B	2	20	2
1	23	B	3	30	3
1	23	B	4	40	4
1	24	A	1	10	1
1	24	A	2	20	2
1	24	A	3	30	3
1	24	A	4	40	4
1	24	B	1	10	1
1	24	B	2	20	2
1	24	B	3	30	3
1	24	B	4	40	4
1	25	A	1	10	1
1	25	A	2	20	2
1	25	A	3	30	3
1	25	A	4	40	4
1	25	B	1	10	1
1	25	B	2	20	2
1	25	B	3	30	3
1	25	B	4	40	4
1	26	A	1	10	1
1	26	A	2	20	2
1	26	A	3	30	3
1	26	A	4	40	4
1	26	B	1	10	1
1	26	B	2	20	2
1	26	B	3	30	3
1	26	B	4	40	4
1	27	A	1	10	1
1	27	A	2	20	2
1	27	A	3	30	3
1	27	A	4	40	4
1	27	B	1	10	1
1	27	B	2	20	2
1	27	B	3	30	3
1	27	B	4	40	4
1	28	A	1	10	1
1	28	A	2	20	2
1	28	A	3	30	3
1	28	A	4	40	4
1	28	B	1	10	1
1	28	B	2	20	2
1	28	B	3	30	3
1	28	B	4	40	4
1	29	A	1	10	1
1	29	A	2	20	2
1	29	A	3	30	3
1	29	A	4	40	4
1	29	B	1	10	1
1	29	B	2	20	2
1	29	B	3	30	3
1	29	B	4	40	4
1	30	A	1	10	1
1	30	A	2	20	2
1	30	A	3	30	3
1	30	A	4	40	4
1	30	B	1	10	1
1	30	B	2	20	2
1	30	B	3	30	3
1	30	B	4	40	4
1	31	A	1	10	1
1	31	A	2	20	2
1	31	A	3	30	3
1	31	A	4	40	4
1	31	B	1	10	1
1	31	B	2	20	2
1	31	B	3	30	3
1	31	B	4	40	4
1	32	A	1	10	1
1	32	A	2	20	2
1	32	A	3	30	3
1	32	A	4	40	4
1	32	B	1	10	1
1	32	B	2	20	2
1	32	B	3	30	3
1	32	B	4	40	4
1	33	A	1	10	1
1	33	A	2	20	2
1	33	A	3	30	3
1	33	A	4	40	4
1	33	B	1	10	1
1	33	B	2	20	2
1	33	B	3	30	3
1	33	B	4	40	4
1	34	A	1	10	1
1	34	A	2	20	2
1	34	A	3	30	3
1	34	A	4	40	4
1	34	B	1	10	1
1	34	B	2	20	2
1	34	B	3	30	3
1	34	B	4	40	4
1	35	A	1	10	1
1	35	A	2	20	2
1	35	A	3	30	3
1	35	A	4	40	4
1	35	B	1	10	1
1	35	B	2	20	2
1	35	B	3	30	3
1	35	B	4	40	4
1	36	A	1	10	1
1	36	A	2	20	2
1	36	A	3	30	3
1	36	A	4	40	4
1	36	B	1	10	1
1	36	B	2	20	2
1	36	B	3	30	3
1	36	B	4	40	4
1	37	A	1	10	1
1	37	A	2	20	2
1	37	A	3	30	3
1	37	A	4	40	4
1	37	B	1	10	1
1	37	B	2	20	2
1	37	B	3	30	3
1	37	B	4	40	4
1	38	A	1	10	1
1	38	A	2	20	2
1	38	A	3	30	3
1	38	A	4	40	4
1	38	B	1	10	1
1	38	B	2	20	2
1	38	B	3	30	3
1	38	B	4	40	4
1	39	A	1	10	1
1	39	A	2	20	2
1	39	A	3	30	3
1	39	A	4	40	4
1	39	B	1	10	1
1	39	B	2	20	2
1	39	B	3	30	3
1	39	B	4	40	4
1	40	A	1	10	1
1	40	A	2	20	2
1	40	A	3	30	3
1	40	A	4	40	4
1	40	B	1	10	1
1	40	B	2	20	2
1	40	B	3	30	3
1	40	B	4	40	4
1	41	A	1	10	1
1	41	A	2	20	2
1	41	A	3	30	3
1	41	A	4	40	4
1	41	B	1	10	1
1	41	B	2	20	2
1	41	B	3	30	3
1	41	B	4	40	4
1	42	A	1	10	1
1	42	A	2	20	2
1	42	A	3	30	3
1	42	A	4	40	4
1	42	B	1	10	1
1	42	B	2	20	2
1	42	B	3	30	3
1	42	B	4	40	4
1	43	A	1	10	1
1	43	A	2	20	2
1	43	A	3	30	3
1	43	A	4	40	4
1	43	B	1	10	1
1	43	B	2	20	2
1	43	B	3	30	3
1	43	B	4	40	4
1	44	A	1	10	1
1	44	A	2	20	2
1	44	A	3	30	3
1	44	A	4	40	4
1	44	B	1	10	1
1	44	B	2	20	2
1	44	B	3	30	3
1	44	B	4	40	4
1	45	A	1	10	1
1	45	A	2	20	2
1	45	A	3	30	3
1	45	A	4	40	4
1	45	B	1	10	1
1	45	B	2	20	2
1	45	B	3	30	3
1	45	B	4	40	4
1	46	A	1	10	1
1	46	A	2	20	2
1	46	A	3	30	3
1	46	A	4	40	4
1	46	B	1	10	1
1	46	B	2	20	2
1	46	B	3	30	3
1	46	B	4	40	4
1	47	A	1	10	1
1	47	A	2	20	2
1	47	A	3	30	3
1	47	A	4	40	4
1	47	B	1	10	1
1	47	B	2	20	2
1	47	B	3	30	3
1	47	B	4	40	4
1	48	A	1	10	1
1	48	A	2	20	2
1	48	A	3	30	3
1	48	A	4	40	4
1	48	B	1	10	1
1	48	B	2	20	2
1	48	B	3	30	3
1	48	B	4	40	4
2	1	A	1	10	1
2	1	A	2	20	2
2	1	A	3	30	3
2	1	A	4	40	4
2	1	B	1	10	1
2	1	B	2	20	2
2	1	B	3	30	3
2	1	B	4	40	4
2	2	A	1	10	1
2	2	A	2	20	2
2	2	A	3	30	3
2	2	A	4	40	4
2	2	B	1	10	1
2	2	B	2	20	2
2	2	B	3	30	3
2	2	B	4	40	4
2	3	A	1	10	1
2	3	A	2	20	2
2	3	A	3	30	3
2	3	A	4	40	4
2	3	B	1	10	1
2	3	B	2	20	2
2	3	B	3	30	3
2	3	B	4	40	4
2	4	A	1	10	1
2	4	A	2	20	2
2	4	A	3	30	3
2	4	A	4	40	4
2	4	B	1	10	1
2	4	B	2	20	2
2	4	B	3	30	3
2	4	B	4	40	4
2	5	A	1	10	1
2	5	A	2	20	2
2	5	A	3	30	3
2	5	A	4	40	4
2	5	B	1	10	1
2	5	B	2	20	2
2	5	B	3	30	3
2	5	B	4	40	4
2	6	A	1	10	1
2	6	A	2	20	2
2	6	A	3	30	3
2	6	A	4	40	4
2	6	B	1	10	1
2	6	B	2	20	2
2	6	B	3	30	3
2	6	B	4	40	4
2	7	A	1	10	1
2	7	A	2	20	2
2	7	A	3	30	3
2	7	A	4	40	4
2	7	B	1	10	1
2	7	B	2	20	2
2	7	B	3	30	3
2	7	B	4	40	4
2	8	A	1	10	1
2	8	A	2	20	2
2	8	A	3	30	3
2	8	A	4	40	4
2	8	B	1	10	1
2	8	B	2	20	2
2	8	B	3	30	3
2	8	B	4	40	4
2	9	A	1	10	1
2	9	A	2	20	2
2	9	A	3	30	3
2	9	A	4	40	4
2	9	B	1	10	1
2	9	B	2	20	2
2	9	B	3	30	3
2	9	B	4	40	4
2	10	A	1	10	1
2	10	A	2	20	2
2	10	A	3	30	3
2	10	A	4	40	4
2	10	B	1	10	1
2	10	B	2	20	2
2	10	B	3	30	3
2	10	B	4	40	4
2	11	A	1	10	1
2	11	A	2	20	2
2	11	A	3	30	3
2	11	A	4	40	4
2	11	B	1	10	1
2	11	B	2	20	2
2	11	B	3	30	3
2	11	B	4	40	4
2	12	A	1	10	1
2	12	A	2	20	2
2	12	A	3	30	3
2	12	A	4	40	4
2	12	B	1	10	1
2	12	B	2	20	2
2	12	B	3	30	3
2	12	B	4	40	4
2	13	A	1	10	1
2	13	A	2	20	2
2	13	A	3	30	3
2	13	A	4	40	4
2	13	B	1	10	1
2	13	B	2	20	2
2	13	B	3	30	3
2	13	B	4	40	4
2	14	A	1	10	1
2	14	A	2	20	2
2	14	A	3	30	3
2	14	A	4	40	4
2	14	B	1	10	1
2	14	B	2	20	2
2	14	B	3	30	3
2	14	B	4	40	4
2	15	A	1	10	1
2	15	A	2	20	2
2	15	A	3	30	3
2	15	A	4	40	4
2	15	B	1	10	1
2	15	B	2	20	2
2	15	B	3	30	3
2	15	B	4	40	4
2	16	A	1	10	1
2	16	A	2	20	2
2	16	A	3	30	3
2	16	A	4	40	4
2	16	B	1	10	1
2	16	B	2	20	2
2	16	B	3	30	3
2	16	B	4	40	4
2	17	A	1	10	1
2	17	A	2	20	2
2	17	A	3	30	3
2	17	A	4	40	4
2	17	B	1	10	1
2	17	B	2	20	2
2	17	B	3	30	3
2	17	B	4	40	4
2	18	A	1	10	1
2	18	A	2	20	2
2	18	A	3	30	3
2	18	A	4	40	4
2	18	B	1	10	1
2	18	B	2	20	2
2	18	B	3	30	3
2	18	B	4	40	4
2	19	A	1	10	1
2	19	A	2	20	2
2	19	A	3	30	3
2	19	A	4	40	4
2	19	B	1	10	1
2	19	B	2	20	2
2	19	B	3	30	3
2	19	B	4	40	4
2	20	A	1	10	1
2	20	A	2	20	2
2	20	A	3	30	3
2	20	A	4	40	4
2	20	B	1	10	1
2	20	B	2	20	2
2	20	B	3	30	3
2	20	B	4	40	4
2	21	A	1	10	1
2	21	A	2	20	2
2	21	A	3	30	3
2	21	A	4	40	4
2	21	B	1	10	1
2	21	B	2	20	2
2	21	B	3	30	3
2	21	B	4	40	4
2	22	A	1	10	1
2	22	A	2	20	2
2	22	A	3	30	3
2	22	A	4	40	4
2	22	B	1	10	1
2	22	B	2	20	2
2	22	B	3	30	3
2	22	B	4	40	4
2	23	A	1	10	1
2	23	A	2	20	2
2	23	A	3	30	3
2	23	A	4	40	4
2	23	B	1	10	1
2	23	B	2	20	2
2	23	B	3	30	3
2	23	B	4	40	4
2	24	A	1	10	1
2	24	A	2	20	2
2	24	A	3	30	3
2	24	A	4	40	4
2	24	B	1	10	1
2	24	B	2	20	2
2	24	B	3	30	3
2	24	B	4	40	4
2	25	A	1	10	1
2	25	A	2	20	2
2	25	A	3	30	3
2	25	A	4	40	4
2	25	B	1	10	1
2	25	B	2	20	2
2	25	B	3	30	3
2	25	B	4	40	4
2	26	A	1	10	1
2	26	A	2	20	2
2	26	A	3	30	3
2	26	A	4	40	4
2	26	B	1	10	1
2	26	B	2	20	2
2	26	B	3	30	3
2	26	B	4	40	4
2	27	A	1	10	1
2	27	A	2	20	2
2	27	A	3	30	3
2	27	A	4	40	4
2	27	B	1	10	1
2	27	B	2	20	2
2	27	B	3	30	3
2	27	B	4	40	4
2	28	A	1	10	1
2	28	A	2	20	2
2	28	A	3	30	3
2	28	A	4	40	4
2	28	B	1	10	1
2	28	B	2	20	2
2	28	B	3	30	3
2	28	B	4	40	4
2	29	A	1	10	1
2	29	A	2	20	2
2	29	A	3	30	3
2	29	A	4	40	4
2	29	B	1	10	1
2	29	B	2	20	2
2	29	B	3	30	3
2	29	B	4	40	4
2	30	A	1	10	1
2	30	A	2	20	2
2	30	A	3	30	3
2	30	A	4	40	4
2	30	B	1	10	1
2	30	B	2	20	2
2	30	B	3	30	3
2	30	B	4	40	4
2	31	A	1	10	1
2	31	A	2	20	2
2	31	A	3	30	3
2	31	A	4	40	4
2	31	B	1	10	1
2	31	B	2	20	2
2	31	B	3	30	3
2	31	B	4	40	4
2	32	A	1	10	1
2	32	A	2	20	2
2	32	A	3	30	3
2	32	A	4	40	4
2	32	B	1	10	1
2	32	B	2	20	2
2	32	B	3	30	3
2	32	B	4	40	4
2	33	A	1	10	1
2	33	A	2	20	2
2	33	A	3	30	3
2	33	A	4	40	4
2	33	B	1	10	1
2	33	B	2	20	2
2	33	B	3	30	3
2	33	B	4	40	4
2	34	A	1	10	1
2	34	A	2	20	2
2	34	A	3	30	3
2	34	A	4	40	4
2	34	B	1	10	1
2	34	B	2	20	2
2	34	B	3	30	3
2	34	B	4	40	4
2	35	A	1	10	1
2	35	A	2	20	2
2	35	A	3	30	3
2	35	A	4	40	4
2	35	B	1	10	1
2	35	B	2	20	2
2	35	B	3	30	3
2	35	B	4	40	4
2	36	A	1	10	1
2	36	A	2	20	2
2	36	A	3	30	3
2	36	A	4	40	4
2	36	B	1	10	1
2	36	B	2	20	2
2	36	B	3	30	3
2	36	B	4	40	4
2	37	A	1	10	1
2	37	A	2	20	2
2	37	A	3	30	3
2	37	A	4	40	4
2	37	B	1	10	1
2	37	B	2	20	2
2	37	B	3	30	3
2	37	B	4	40	4
2	38	A	1	10	1
2	38	A	2	20	2
2	38	A	3	30	3
2	38	A	4	40	4
2	38	B	1	10	1
2	38	B	2	20	2
2	38	B	3	30	3
2	38	B	4	40	4
2	39	A	1	10	1
2	39	A	2	20	2
2	39	A	3	30	3
2	39	A	4	40	4
2	39	B	1	10	1
2	39	B	2	20	2
2	39	B	3	30	3
2	39	B	4	40	4
2	40	A	1	10	1
2	40	A	2	20	2
2	40	A	3	30	3
2	40	A	4	40	4
2	40	B	1	10	1
2	40	B	2	20	2
2	40	B	3	30	3
2	40	B	4	40	4
2	41	A	1	10	1
2	41	A	2	20	2
2	41	A	3	30	3
2	41	A	4	40	4
2	41	B	1	10	1
2	41	B	2	20	2
2	41	B	3	30	3
2	41	B	4	40	4
2	42	A	1	10	1
2	42	A	2	20	2
2	42	A	3	30	3
2	42	A	4	40	4
2	42	B	1	10	1
2	42	B	2	20	2
2	42	B	3	30	3
2	42	B	4	40	4
2	43	A	1	10	1
2	43	A	2	20	2
2	43	A	3	30	3
2	43	A	4	40	4
2	43	B	1	10	1
2	43	B	2	20	2
2	43	B	3	30	3
2	43	B	4	40	4
2	44	A	1	10	1
2	44	A	2	20	2
2	44	A	3	30	3
2	44	A	4	40	4
2	44	B	1	10	1
2	44	B	2	20	2
2	44	B	3	30	3
2	44	B	4	40	4
2	45	A	1	10	1
2	45	A	2	20	2
2	45	A	3	30	3
2	45	A	4	40	4
2	45	B	1	10	1
2	45	B	2	20	2
2	45	B	3	30	3
2	45	B	4	40	4
2	46	A	1	10	1
2	46	A	2	20	2
2	46	A	3	30	3
2	46	A	4	40	4
2	46	B	1	10	1
2	46	B	2	20	2
2	46	B	3	30	3
2	46	B	4	40	4
2	47	A	1	10	1
2	47	A	2	20	2
2	47	A	3	30	3
2	47	A	4	40	4
2	47	B	1	10	1
2	47	B	2	20	2
2	47	B	3	30	3
2	47	B	4	40	4
2	48	A	1	10	1
2	48	A	2	20	2
2	48	A	3	30	3
2	48	A	4	40	4
2	48	B	1	10	1
2	48	B	2	20	2
2	48	B	3	30	3
2	48	B	4	40	4
3	1	A	1	10	1
3	1	A	2	20	2
3	1	A	3	30	3
3	1	A	4	40	4
3	1	B	1	10	1
3	1	B	2	20	2
3	1	B	3	30	3
3	1	B	4	40	4
3	2	A	1	10	1
3	2	A	2	20	2
3	2	A	3	30	3
3	2	A	4	40	4
3	2	B	1	10	1
3	2	B	2	20	2
3	2	B	3	30	3
3	2	B	4	40	4
3	3	A	1	10	1
3	3	A	2	20	2
3	3	A	3	30	3
3	3	A	4	40	4
3	3	B	1	10	1
3	3	B	2	20	2
3	3	B	3	30	3
3	3	B	4	40	4
3	4	A	1	10	1
3	4	A	2	20	2
3	4	A	3	30	3
3	4	A	4	40	4
3	4	B	1	10	1
3	4	B	2	20	2
3	4	B	3	30	3
3	4	B	4	40	4
3	5	A	1	10	1
3	5	A	2	20	2
3	5	A	3	30	3
3	5	A	4	40	4
3	5	B	1	10	1
3	5	B	2	20	2
3	5	B	3	30	3
3	5	B	4	40	4
3	6	A	1	10	1
3	6	A	2	20	2
3	6	A	3	30	3
3	6	A	4	40	4
3	6	B	1	10	1
3	6	B	2	20	2
3	6	B	3	30	3
3	6	B	4	40	4
3	7	A	1	10	1
3	7	A	2	20	2
3	7	A	3	30	3
3	7	A	4	40	4
3	7	B	1	10	1
3	7	B	2	20	2
3	7	B	3	30	3
3	7	B	4	40	4
3	8	A	1	10	1
3	8	A	2	20	2
3	8	A	3	30	3
3	8	A	4	40	4
3	8	B	1	10	1
3	8	B	2	20	2
3	8	B	3	30	3
3	8	B	4	40	4
3	9	A	1	10	1
3	9	A	2	20	2
3	9	A	3	30	3
3	9	A	4	40	4
3	9	B	1	10	1
3	9	B	2	20	2
3	9	B	3	30	3
3	9	B	4	40	4
3	10	A	1	10	1
3	10	A	2	20	2
3	10	A	3	30	3
3	10	A	4	40	4
3	10	B	1	10	1
3	10	B	2	20	2
3	10	B	3	30	3
3	10	B	4	40	4
3	11	A	1	10	1
3	11	A	2	20	2
3	11	A	3	30	3
3	11	A	4	40	4
3	11	B	1	10	1
3	11	B	2	20	2
3	11	B	3	30	3
3	11	B	4	40	4
3	12	A	1	10	1
3	12	A	2	20	2
3	12	A	3	30	3
3	12	A	4	40	4
3	12	B	1	10	1
3	12	B	2	20	2
3	12	B	3	30	3
3	12	B	4	40	4
3	13	A	1	10	1
3	13	A	2	20	2
3	13	A	3	30	3
3	13	A	4	40	4
3	13	B	1	10	1
3	13	B	2	20	2
3	13	B	3	30	3
3	13	B	4	40	4
3	14	A	1	10	1
3	14	A	2	20	2
3	14	A	3	30	3
3	14	A	4	40	4
3	14	B	1	10	1
3	14	B	2	20	2
3	14	B	3	30	3
3	14	B	4	40	4
3	15	A	1	10	1
3	15	A	2	20	2
3	15	A	3	30	3
3	15	A	4	40	4
3	15	B	1	10	1
3	15	B	2	20	2
3	15	B	3	30	3
3	15	B	4	40	4
3	16	A	1	10	1
3	16	A	2	20	2
3	16	A	3	30	3
3	16	A	4	40	4
3	16	B	1	10	1
3	16	B	2	20	2
3	16	B	3	30	3
3	16	B	4	40	4
3	17	A	1	10	1
3	17	A	2	20	2
3	17	A	3	30	3
3	17	A	4	40	4
3	17	B	1	10	1
3	17	B	2	20	2
3	17	B	3	30	3
3	17	B	4	40	4
3	18	A	1	10	1
3	18	A	2	20	2
3	18	A	3	30	3
3	18	A	4	40	4
3	18	B	1	10	1
3	18	B	2	20	2
3	18	B	3	30	3
3	18	B	4	40	4
3	19	A	1	10	1
3	19	A	2	20	2
3	19	A	3	30	3
3	19	A	4	40	4
3	19	B	1	10	1
3	19	B	2	20	2
3	19	B	3	30	3
3	19	B	4	40	4
3	20	A	1	10	1
3	20	A	2	20	2
3	20	A	3	30	3
3	20	A	4	40	4
3	20	B	1	10	1
3	20	B	2	20	2
3	20	B	3	30	3
3	20	B	4	40	4
3	21	A	1	10	1
3	21	A	2	20	2
3	21	A	3	30	3
3	21	A	4	40	4
3	21	B	1	10	1
3	21	B	2	20	2
3	21	B	3	30	3
3	21	B	4	40	4
3	22	A	1	10	1
3	22	A	2	20	2
3	22	A	3	30	3
3	22	A	4	40	4
3	22	B	1	10	1
3	22	B	2	20	2
3	22	B	3	30	3
3	22	B	4	40	4
3	23	A	1	10	1
3	23	A	2	20	2
3	23	A	3	30	3
3	23	A	4	40	4
3	23	B	1	10	1
3	23	B	2	20	2
3	23	B	3	30	3
3	23	B	4	40	4
3	24	A	1	10	1
3	24	A	2	20	2
3	24	A	3	30	3
3	24	A	4	40	4
3	24	B	1	10	1
3	24	B	2	20	2
3	24	B	3	30	3
3	24	B	4	40	4
3	25	A	1	10	1
3	25	A	2	20	2
3	25	A	3	30	3
3	25	A	4	40	4
3	25	B	1	10	1
3	25	B	2	20	2
3	25	B	3	30	3
3	25	B	4	40	4
3	26	A	1	10	1
3	26	A	2	20	2
3	26	A	3	30	3
3	26	A	4	40	4
3	26	B	1	10	1
3	26	B	2	20	2
3	26	B	3	30	3
3	26	B	4	40	4
3	27	A	1	10	1
3	27	A	2	20	2
3	27	A	3	30	3
3	27	A	4	40	4
3	27	B	1	10	1
3	27	B	2	20	2
3	27	B	3	30	3
3	27	B	4	40	4
3	28	A	1	10	1
3	28	A	2	20	2
3	28	A	3	30	3
3	28	A	4	40	4
3	28	B	1	10	1
3	28	B	2	20	2
3	28	B	3	30	3
3	28	B	4	40	4
3	29	A	1	10	1
3	29	A	2	20	2
3	29	A	3	30	3
3	29	A	4	40	4
3	29	B	1	10	1
3	29	B	2	20	2
3	29	B	3	30	3
3	29	B	4	40	4
3	30	A	1	10	1
3	30	A	2	20	2
3	30	A	3	30	3
3	30	A	4	40	4
3	30	B	1	10	1
3	30	B	2	20	2
3	30	B	3	30	3
3	30	B	4	40	4
3	31	A	1	10	1
3	31	A	2	20	2
3	31	A	3	30	3
3	31	A	4	40	4
3	31	B	1	10	1
3	31	B	2	20	2
3	31	B	3	30	3
3	31	B	4	40	4
3	32	A	1	10	1
3	32	A	2	20	2
3	32	A	3	30	3
3	32	A	4	40	4
3	32	B	1	10	1
3	32	B	2	20	2
3	32	B	3	30	3
3	32	B	4	40	4
3	33	A	1	10	1
3	33	A	2	20	2
3	33	A	3	30	3
3	33	A	4	40	4
3	33	B	1	10	1
3	33	B	2	20	2
3	33	B	3	30	3
3	33	B	4	40	4
3	34	A	1	10	1
3	34	A	2	20	2
3	34	A	3	30	3
3	34	A	4	40	4
3	34	B	1	10	1
3	34	B	2	20	2
3	34	B	3	30	3
3	34	B	4	40	4
3	35	A	1	10	1
3	35	A	2	20	2
3	35	A	3	30	3
3	35	A	4	40	4
3	35	B	1	10	1
3	35	B	2	20	2
3	35	B	3	30	3
3	35	B	4	40	4
3	36	A	1	10	1
3	36	A	2	20	2
3	36	A	3	30	3
3	36	A	4	40	4
3	36	B	1	10	1
3	36	B	2	20	2
3	36	B	3	30	3
3	36	B	4	40	4
3	37	A	1	10	1
3	37	A	2	20	2
3	37	A	3	30	3
3	37	A	4	40	4
3	37	B	1	10	1
3	37	B	2	20	2
3	37	B	3	30	3
3	37	B	4	40	4
3	38	A	1	10	1
3	38	A	2	20	2
3	38	A	3	30	3
3	38	A	4	40	4
3	38	B	1	10	1
3	38	B	2	20	2
3	38	B	3	30	3
3	38	B	4	40	4
3	39	A	1	10	1
3	39	A	2	20	2
3	39	A	3	30	3
3	39	A	4	40	4
3	39	B	1	10	1
3	39	B	2	20	2
3	39	B	3	30	3
3	39	B	4	40	4
3	40	A	1	10	1
3	40	A	2	20	2
3	40	A	3	30	3
3	40	A	4	40	4
3	40	B	1	10	1
3	40	B	2	20	2
3	40	B	3	30	3
3	40	B	4	40	4
3	41	A	1	10	1
3	41	A	2	20	2
3	41	A	3	30	3
3	41	A	4	40	4
3	41	B	1	10	1
3	41	B	2	20	2
3	41	B	3	30	3
3	41	B	4	40	4
3	42	A	1	10	1
3	42	A	2	20	2
3	42	A	3	30	3
3	42	A	4	40	4
3	42	B	1	10	1
3	42	B	2	20	2
3	42	B	3	30	3
3	42	B	4	40	4
3	43	A	1	10	1
3	43	A	2	20	2
3	43	A	3	30	3
3	43	A	4	40	4
3	43	B	1	10	1
3	43	B	2	20	2
3	43	B	3	30	3
3	43	B	4	40	4
3	44	A	1	10	1
3	44	A	2	20	2
3	44	A	3	30	3
3	44	A	4	40	4
3	44	B	1	10	1
3	44	B	2	20	2
3	44	B	3	30	3
3	44	B	4	40	4
3	45	A	1	10	1
3	45	A	2	20	2
3	45	A	3	30	3
3	45	A	4	40	4
3	45	B	1	10	1
3	45	B	2	20	2
3	45	B	3	30	3
3	45	B	4	40	4
3	46	A	1	10	1
3	46	A	2	20	2
3	46	A	3	30	3
3	46	A	4	40	4
3	46	B	1	10	1
3	46	B	2	20	2
3	46	B	3	30	3
3	46	B	4	40	4
3	47	A	1	10	1
3	47	A	2	20	2
3	47	A	3	30	3
3	47	A	4	40	4
3	47	B	1	10	1
3	47	B	2	20	2
3	47	B	3	30	3
3	47	B	4	40	4
3	48	A	1	10	1
3	48	A	2	20	2
3	48	A	3	30	3
3	48	A	4	40	4
3	48	B	1	10	1
3	48	B	2	20	2
3	48	B	3	30	3
3	48	B	4	40	4
3	49	A	1	10	1
3	49	A	2	20	2
3	49	A	3	30	3
3	49	A	4	40	4
3	49	B	1	10	1
3	49	B	2	20	2
3	49	B	3	30	3
3	49	B	4	40	4
3	50	A	1	10	1
3	50	A	2	20	2
3	50	A	3	30	3
3	50	A	4	40	4
3	50	B	1	10	1
3	50	B	2	20	2
3	50	B	3	30	3
3	50	B	4	40	4
3	51	A	1	10	1
3	51	A	2	20	2
3	51	A	3	30	3
3	51	A	4	40	4
3	51	B	1	10	1
3	51	B	2	20	2
3	51	B	3	30	3
3	51	B	4	40	4
3	52	A	1	10	1
3	52	A	2	20	2
3	52	A	3	30	3
3	52	A	4	40	4
3	52	B	1	10	1
3	52	B	2	20	2
3	52	B	3	30	3
3	52	B	4	40	4
3	53	A	1	10	1
3	53	A	2	20	2
3	53	A	3	30	3
3	53	A	4	40	4
3	53	B	1	10	1
3	53	B	2	20	2
3	53	B	3	30	3
3	53	B	4	40	4
3	54	A	1	10	1
3	54	A	2	20	2
3	54	A	3	30	3
3	54	A	4	40	4
3	54	B	1	10	1
3	54	B	2	20	2
3	54	B	3	30	3
3	54	B	4	40	4
3	55	A	1	10	1
3	55	A	2	20	2
3	55	A	3	30	3
3	55	A	4	40	4
3	55	B	1	10	1
3	55	B	2	20	2
3	55	B	3	30	3
3	55	B	4	40	4
3	56	A	1	10	1
3	56	A	2	20	2
3	56	A	3	30	3
3	56	A	4	40	4
3	56	B	1	10	1
3	56	B	2	20	2
3	56	B	3	30	3
3	56	B	4	40	4
3	57	A	1	10	1
3	57	A	2	20	2
3	57	A	3	30	3
3	57	A	4	40	4
3	57	B	1	10	1
3	57	B	2	20	2
3	57	B	3	30	3
3	57	B	4	40	4
3	58	A	1	10	1
3	58	A	2	20	2
3	58	A	3	30	3
3	58	A	4	40	4
3	58	B	1	10	1
3	58	B	2	20	2
3	58	B	3	30	3
3	58	B	4	40	4
3	59	A	1	10	1
3	59	A	2	20	2
3	59	A	3	30	3
3	59	A	4	40	4
3	59	B	1	10	1
3	59	B	2	20	2
3	59	B	3	30	3
3	59	B	4	40	4
3	60	A	1	10	1
3	60	A	2	20	2
3	60	A	3	30	3
3	60	A	4	40	4
3	60	B	1	10	1
3	60	B	2	20	2
3	60	B	3	30	3
3	60	B	4	40	4
3	61	A	1	10	1
3	61	A	2	20	2
3	61	A	3	30	3
3	61	A	4	40	4
3	61	B	1	10	1
3	61	B	2	20	2
3	61	B	3	30	3
3	61	B	4	40	4
3	62	A	1	10	1
3	62	A	2	20	2
3	62	A	3	30	3
3	62	A	4	40	4
3	62	B	1	10	1
3	62	B	2	20	2
3	62	B	3	30	3
3	62	B	4	40	4
3	63	A	1	10	1
3	63	A	2	20	2
3	63	A	3	30	3
3	63	A	4	40	4
3	63	B	1	10	1
3	63	B	2	20	2
3	63	B	3	30	3
3	63	B	4	40	4
3	64	A	1	10	1
3	64	A	2	20	2
3	64	A	3	30	3
3	64	A	4	40	4
3	64	B	1	10	1
3	64	B	2	20	2
3	64	B	3	30	3
3	64	B	4	40	4
3	65	A	1	10	1
3	65	A	2	20	2
3	65	A	3	30	3
3	65	A	4	40	4
3	65	B	1	10	1
3	65	B	2	20	2
3	65	B	3	30	3
3	65	B	4	40	4
3	66	A	1	10	1
3	66	A	2	20	2
3	66	A	3	30	3
3	66	A	4	40	4
3	66	B	1	10	1
3	66	B	2	20	2
3	66	B	3	30	3
3	66	B	4	40	4
3	67	A	1	10	1
3	67	A	2	20	2
3	67	A	3	30	3
3	67	A	4	40	4
3	67	B	1	10	1
3	67	B	2	20	2
3	67	B	3	30	3
3	67	B	4	40	4
3	68	A	1	10	1
3	68	A	2	20	2
3	68	A	3	30	3
3	68	A	4	40	4
3	68	B	1	10	1
3	68	B	2	20	2
3	68	B	3	30	3
3	68	B	4	40	4
3	69	A	1	10	1
3	69	A	2	20	2
3	69	A	3	30	3
3	69	A	4	40	4
3	69	B	1	10	1
3	69	B	2	20	2
3	69	B	3	30	3
3	69	B	4	40	4
3	70	A	1	10	1
3	70	A	2	20	2
3	70	A	3	30	3
3	70	A	4	40	4
3	70	B	1	10	1
3	70	B	2	20	2
3	70	B	3	30	3
3	70	B	4	40	4
3	71	A	1	10	1
3	71	A	2	20	2
3	71	A	3	30	3
3	71	A	4	40	4
3	71	B	1	10	1
3	71	B	2	20	2
3	71	B	3	30	3
3	71	B	4	40	4
3	72	A	1	10	1
3	72	A	2	20	2
3	72	A	3	30	3
3	72	A	4	40	4
3	72	B	1	10	1
3	72	B	2	20	2
3	72	B	3	30	3
3	72	B	4	40	4
3	73	A	1	10	1
3	73	A	2	20	2
3	73	A	3	30	3
3	73	A	4	40	4
3	73	B	1	10	1
3	73	B	2	20	2
3	73	B	3	30	3
3	73	B	4	40	4
3	74	A	1	10	1
3	74	A	2	20	2
3	74	A	3	30	3
3	74	A	4	40	4
3	74	B	1	10	1
3	74	B	2	20	2
3	74	B	3	30	3
3	74	B	4	40	4
3	75	A	1	10	1
3	75	A	2	20	2
3	75	A	3	30	3
3	75	A	4	40	4
3	75	B	1	10	1
3	75	B	2	20	2
3	75	B	3	30	3
3	75	B	4	40	4
3	76	A	1	10	1
3	76	A	2	20	2
3	76	A	3	30	3
3	76	A	4	40	4
3	76	B	1	10	1
3	76	B	2	20	2
3	76	B	3	30	3
3	76	B	4	40	4
3	77	A	1	10	1
3	77	A	2	20	2
3	77	A	3	30	3
3	77	A	4	40	4
3	77	B	1	10	1
3	77	B	2	20	2
3	77	B	3	30	3
3	77	B	4	40	4
3	78	A	1	10	1
3	78	A	2	20	2
3	78	A	3	30	3
3	78	A	4	40	4
3	78	B	1	10	1
3	78	B	2	20	2
3	78	B	3	30	3
3	78	B	4	40	4
3	79	A	1	10	1
3	79	A	2	20	2
3	79	A	3	30	3
3	79	A	4	40	4
3	79	B	1	10	1
3	79	B	2	20	2
3	79	B	3	30	3
3	79	B	4	40	4
3	80	A	1	10	1
3	80	A	2	20	2
3	80	A	3	30	3
3	80	A	4	40	4
3	80	B	1	10	1
3	80	B	2	20	2
3	80	B	3	30	3
3	80	B	4	40	4
3	81	A	1	10	1
3	81	A	2	20	2
3	81	A	3	30	3
3	81	A	4	40	4
3	81	B	1	10	1
3	81	B	2	20	2
3	81	B	3	30	3
3	81	B	4	40	4
3	82	A	1	10	1
3	82	A	2	20	2
3	82	A	3	30	3
3	82	A	4	40	4
3	82	B	1	10	1
3	82	B	2	20	2
3	82	B	3	30	3
3	82	B	4	40	4
3	83	A	1	10	1
3	83	A	2	20	2
3	83	A	3	30	3
3	83	A	4	40	4
3	83	B	1	10	1
3	83	B	2	20	2
3	83	B	3	30	3
3	83	B	4	40	4
3	84	A	1	10	1
3	84	A	2	20	2
3	84	A	3	30	3
3	84	A	4	40	4
3	84	B	1	10	1
3	84	B	2	20	2
3	84	B	3	30	3
3	84	B	4	40	4
3	85	A	1	10	1
3	85	A	2	20	2
3	85	A	3	30	3
3	85	A	4	40	4
3	85	B	1	10	1
3	85	B	2	20	2
3	85	B	3	30	3
3	85	B	4	40	4
3	86	A	1	10	1
3	86	A	2	20	2
3	86	A	3	30	3
3	86	A	4	40	4
3	86	B	1	10	1
3	86	B	2	20	2
3	86	B	3	30	3
3	86	B	4	40	4
3	87	A	1	10	1
3	87	A	2	20	2
3	87	A	3	30	3
3	87	A	4	40	4
3	87	B	1	10	1
3	87	B	2	20	2
3	87	B	3	30	3
3	87	B	4	40	4
3	88	A	1	10	1
3	88	A	2	20	2
3	88	A	3	30	3
3	88	A	4	40	4
3	88	B	1	10	1
3	88	B	2	20	2
3	88	B	3	30	3
3	88	B	4	40	4
3	89	A	1	10	1
3	89	A	2	20	2
3	89	A	3	30	3
3	89	A	4	40	4
3	89	B	1	10	1
3	89	B	2	20	2
3	89	B	3	30	3
3	89	B	4	40	4
3	90	A	1	10	1
3	90	A	2	20	2
3	90	A	3	30	3
3	90	A	4	40	4
3	90	B	1	10	1
3	90	B	2	20	2
3	90	B	3	30	3
3	90	B	4	40	4
3	91	A	1	10	1
3	91	A	2	20	2
3	91	A	3	30	3
3	91	A	4	40	4
3	91	B	1	10	1
3	91	B	2	20	2
3	91	B	3	30	3
3	91	B	4	40	4
3	92	A	1	10	1
3	92	A	2	20	2
3	92	A	3	30	3
3	92	A	4	40	4
3	92	B	1	10	1
3	92	B	2	20	2
3	92	B	3	30	3
3	92	B	4	40	4
3	93	A	1	10	1
3	93	A	2	20	2
3	93	A	3	30	3
3	93	A	4	40	4
3	93	B	1	10	1
3	93	B	2	20	2
3	93	B	3	30	3
3	93	B	4	40	4
3	94	A	1	10	1
3	94	A	2	20	2
3	94	A	3	30	3
3	94	A	4	40	4
3	94	B	1	10	1
3	94	B	2	20	2
3	94	B	3	30	3
3	94	B	4	40	4
3	95	A	1	10	1
3	95	A	2	20	2
3	95	A	3	30	3
3	95	A	4	40	4
3	95	B	1	10	1
3	95	B	2	20	2
3	95	B	3	30	3
3	95	B	4	40	4
3	96	A	1	10	1
3	96	A	2	20	2
3	96	A	3	30	3
3	96	A	4	40	4
3	96	B	1	10	1
3	96	B	2	20	2
3	96	B	3	30	3
3	96	B	4	40	4
